20121000290 边达宇 75 60 65 
20121000424 王晨 85 95 96
20121000553 高佳维 86 93 90
20121000570 初国利 85 87 85
20121000584 利振彬 70 88 88
20121000818 孟珂 90 86 96 
20121000921 罗云迪 86 90 75
20121001121 田甜 95 85 87
20121001248 王如男 90 89 94
20121001316 邵叶飞 80 84 86
20121001375 周晨曦 87 86 90
20121001695 王洪 96 88 91
20121001842 尹笛露 85 90 94
20121002002 刘宇坤 88 86 90
20121002152 尹然宇 82 90 88
20121002162 孙史磊 80 94 80
20121002269 陈云锅 83 95 85
20121002321 于文涛 88 90 86
20121002439 景揭俊 85 92 85
20121002585 戴贤铎 88 86 78
20121002685 曹厚臻 90 87 90
20121002775 马晴 93 85 90
20121003127 冯泽宇 80 89 75
20121003358 肖寒 88 90 90
20121003359 张赓 87 95 84
20121003398 刘剑峰 88 84 86
20121003399 龚方怡 90 93 96
20121004233 贾国栋 88 90 86
20121004415 孙一卓 86 95 90
